1 6 14090 1014 14103 7601 1544 5032 
1 5 5680 3942 8970 1544 5032 
2 6 14090 5401 14066 8511 9914 3392 
2 6 5680 6699 7463 13990 6656 9914 
2 4 5680 13999 8466 10311 
2 6 10311 4684 917 3486 3277 386 
1 5 3486 2190 3398 8751 10123 
1 3 386 13870 10288 
2 4 386 3352 1007 9379 
1 2 1007 5470 
2 4 9379 1054 13768 13773 
1 3 9379 1834 10368 
1 5 516 14060 10301 14125 14140 
1 6 14140 6886 14157 7765 3995 8609 
2 2 14140 14153 
2 3 5680 13967 2732 
2 3 10518 7130 2732 
2 3 10518 7902 2186 
2 6 2186 13924 13890 7966 13856 2348 
2 4 2348 13867 3510 13879 
2 3 13879 8184 13828 
2 5 13828 8058 7676 5291 7692 
1 6 7676 5602 11057 2882 4259 1668 
1 4 13828 4888 13742 10138 
1 5 2348 7598 1117 3692 13769 
2 4 13822 10953 9698 13839 
3 4 14130 14141 10091 5538 
2 2 10091 14130 
3 2 5538 14155 
2 7 14155 8832 6599 3635 11101 430 1305 
1 6 14155 6557 3142 7135 7094 8193 
2 8 14155 10712 4541 9315 14242 8146 5668 1480 
2 6 9315 503 802 14354 10364 1507 
1 2 1480 6988 
1 5 6988 184 9074 4955 9173 
3 6 10091 14130 14108 14090 5401 14066 
2 7 7862 12295 12318 1553 12371 12417 2018 
1 5 7862 6927 10176 8737 5711 
1 4 7862 12295 6049 1693 
4 6 2018 8543 12507 9771 12525 7117 
4 4 2018 3967 12470 1710 
1 7 12371 4270 7032 4686 5949 12393 10571 
1 3 4686 12402 12428 
1 4 7862 4530 4258 7979 
1 5 10176 8982 12429 6312 7117 
1 2 7032 691 
