
state={
	id=1
	name="STATE_1"

	history={
		owner = WSR
		add_core_of = WSR

	}

	provinces={
		2 28 36 39 144 153 256 275 285 295 301 310 317 335 453 467 473 510 555 567 624 639 642 687 703 742 749 751 753 764 774 825 833 834 848 891 911 912 930 989 994 1052 1119 1162 1171 1183 1186 1193 1217 1272 1325 1354 1381 1415 1453 1470 1483 1496 1506 1522 1550 1597 1609 1643 1697 1776 1802 1853 1898 1903 1924 2053 2056 2070 2085 2136 2192 2197 2235 2251 2260 2266 2363 2381 2389 2423 2459 2480 2503 2521 2543 2575 2583 2606 2646 2792 2806 2847 2851 2867 2869 2881 2903 2934 2940 2958 2981 2999 3029 3051 3070 3093 3137 3164 3200 3212 3236 3263 3285 3317 3318 3335 3399 3404 3466 3482 3484 3491 3497 3500 3557 3584 3586 3594 3597 3622 3632 3684 3702 3717 3746 3812 3815 3836 3841 3858 3897 3907 3914 3932 3947 3953 3978 4031 4062 4068 4079 4157 4163 4168 4199 4222 4252 4267 4294 4298 4304 4321 4376 4407 4420 4437 4445 4460 4469 4486 4500 4565 4605 4606 4620 4623 4634 4651 4677 4699 4726 4758 4772 4787 4808 4815 4875 4937 4967 4988 5063 5078 5089 5117 5127 5141 5146 5187 5206 5223 5229 5243 5265 5268 5323 5327 5335 5494 5499 5503 5521 5539 5707 5730 5746 5784 5793 5798 5803 5853 5866 5905 5913 5914 5922 5959 6025 6026 6057 6115 6207 6240 6243 6280 6291 6296 6313 6336 6340 6355 6356 6373 6433 6446 6468 6471 6515 6586 6588 6635 6664 6690 6713 6738 6756 6762 6780 6782 6794 6812 6859 6863 6864 6906 6931 6956 6961 6997 7017 7070 7115 7168 7205 7208 7228 7279 7299 7309 7311 7316 7395 7411 7428 7480 7489 7493 7513 7626 7642 7758 7786 7794 7815 7842 7846 7875 7887 7911 7918 7967 8008 8021 8030 8035 8059 8095 8160 8192 8205 8213 8223 8241 8261 8306 8314 8385 8430 8438 8444 8476 8480 8510 8551 8566 8569 8678 8714 8720 8726 8765 8826 8918 8919 8922 8927 8951 8957 8960 8992 9001 9005 9018 9025 9027 9043 9106 9127 9162 9195 9203 9220 9226 9232 9270 9280 9326 9352 9385 9445 9450 9458 9466 9491 9549 9553 9591 9645 9662 9695 9697 9702 9708 9718 9737 9747 9760 9777 9814 9860 9862 9863 9882 9888 9925 9946 9984 9997 10006 10010 10089 10096 10118 10155 10167 10229 10253 10265 10279 10281 10284 10320 10322 10342 10354 10358 10367 10393 10397 10403 10407 10485 10521 10528 10534 10545 10550 10570 10581 10589 10610 10666 10667 10729 10760 10766 10785 10817 10840 10893 10926 10967 11025 11063 11065 11083 11120 11126 11140 11157 11182 11197 11214 14200 14221 14226 14231 14237 14238 14245 14250 14264 14267 14268 14283 14288 14290 14297 14310 14311 14321 14336 14341 14344 14351 14356 14368 14372 14382 14385 14399 14413 14422 14430 14434 14436 14443 14457 14461 14462 14466 14468 14469 14475 14476 14489 14490 14507 14514 14518 14527 14530 14536 14537 14551 14555 14568 14569 14573 14575 14579 14581 14583 14601 14602 14603 14605 14608 14611 14613 14614 14617 14618 14619 14621 14622 14626 14628 14638 14644 14645 14651 14656 14661 14668 14676 14677 14678 14679 14682 14693 14696 14702 14711 14714 14715 14721 14735 14736 14738 14746 14747 14749 14757 14758 14764 14765 14768 14769 14770 14775 14781 14794 14801 14810 14811 14831 14837 14844 14849 14851 14853 14868 14879 14886 14894 14895 14900 14906 14908 14909 14911 14913 14915 14924 14931 14938 14947 14953 14964 14969 14970 14977 14981 14996 15001 15011 15022 15025 15029 15042 15057 15062 15066 15069 15075 15077 15096 15097 15108 15136 15158 15173 15189 15213 15237 15298 16809
	}
	manpower=1
	buildings_max_level_factor=1.000
	state_category=town
	local_supplies=0.000
}
