state={
	id=107
	name="STATE_107"
	provinces={
		26 58 280 394 478 500 539 547 599 968 997 1000 1078 1111 1243 1259 1383 1430 1498 1627 1669 1761 1847 1868 2175 2177 2209 2380 2568 2716 2746 2780 2804 2814 2829 2891 3009 3102 3136 3213 3411 3633 3642 3705 3706 3855 3989 4039 4053 4064 4065 4232 4442 4580 4592 4712 4716 4837 5071 5073 5198 5307 5315 5627 5712 5814 5951 6069 6158 6186 6339 6415 6590 6668 6928 6966 6979 7010 7083 7121 7132 7147 7154 7174 7323 7382 7383 7696 7760 7938 7976 8023 8147 8242 8248 8252 8292 8501 8590 8915 8977 9029 9140 9175 9197 9282 9314 9351 9395 9403 9413 9481 9490 9615 9635 9658 9700 9810 9831 9848 9943 9969 10213 10233 10404 10464 10575 10674 10718 10725 10813 11043 11053 11102 11156 11163 11167 11225 12161 12190 12204 12205 12209 12214 12228 12229 12231 12249 12253 12255 12257 12264 12275 12280 12285 12299 12322 12323 12332 12345 12346 12365 12372 12403 12410 12418 12419 12425 12440 12476 12485 12534 12564 12570 
	}
	buildings_max_level_factor=1.000
        manpower=1
        state_category = town
	history = {
		owner = FTS
		add_core_of = FTS
	}
}
