state={
	id=113
	name="STATE_113"
	provinces={
		88 203 247 426 501 509 532 674 875 919 1306 2152 2238 2252 2414 2658 2827 2872 2880 2973 3013 3177 3203 3416 3621 3734 4433 4653 4721 4839 4939 4986 5405 5492 5732 5774 6067 6365 6448 6474 6714 6733 7116 7444 7606 7618 7772 7860 7863 8018 8024 8366 8789 8813 8847 8969 9620 9713 9815 9816 10350 10380 10463 10753 10809 10843 11078 12196 12256 12263 12283 12301 12304 12313 12321 12324 12326 12330 12334 12347 12350 12351 12354 12360 12382 12397 12407 12433 12434 12449 12465 12510 
	}
	buildings_max_level_factor=1.000
        manpower=1
        state_category = town
	history = {
		owner = FTS
		add_core_of = FTS
	}
}
