
state={
	id=114
	name="STATE_114"
	provinces={
		93 140 147 253 254 288 527 690 725 1044 1065 1239 1286 1362 1375 1448 1486 1598 1599 1638 1694 1708 1793 2118 2157 2253 2333 2354 2430 2446 2789 2844 2871 2962 3146 3157 3208 3329 3724 3758 4200 4292 4337 4452 4464 4489 4596 4762 4790 4876 5087 5152 5244 5253 5377 5408 5455 5467 5480 5522 5598 5702 5816 5868 5943 5947 5977 6007 6072 6095 6110 6120 6157 6249 6297 6404 6422 6610 6624 6967 7163 7477 7492 7622 7665 7896 7910 7923 8068 8286 8308 8364 8406 8482 8493 8673 8723 8744 8823 8985 9022 9157 9281 9494 9593 9666 9685 9782 9935 10057 10208 10474 10706 10906 11131 12227 12242 12262 12308 12311 12341 12390 12398 12404 12405 12423 12448 12453 12464 12482 12500 12503 12512 12533 12540 12544 12567 12568 12579 12582 12593 12604 12610 12620 12701 12711 12726 12744 12747 12771 12780 12830 12836 12894 
	}
	manpower=1
	buildings_max_level_factor=1.000
	state_category=town
	local_supplies=0.000
	history = {
		owner = MER
		add_core_of = MER
	}
}
