state={
	id=117
	name="STATE_117"
	provinces={
		157 623 658 790 1235 1304 1412 1580 1891 1905 1909 1991 2155 2233 2417 2690 2708 2965 3039 3384 3754 3977 3994 4129 4174 4198 4579 5048 5286 5295 5482 5739 5908 5915 5958 6106 6107 6152 6302 6439 6573 6893 6942 6959 7020 7022 7700 7739 7949 8105 8331 8716 8938 9506 9663 9839 9878 9905 9990 10162 10603 10847 11173 11221 12260 12267 12276 12293 12297 12303 12305 12306 12325 12333 12339 12356 12378 12386 12420 12426 12437 12444 12445 12469 12508 12521 12537 12551 
	}
	buildings_max_level_factor=1.000
        manpower=1
        state_category = town
	history = {
		owner = FEN
		add_core_of = FEN
	}
}
