state={
	id=119
	name="STATE_119"
	provinces={
		750 791 858 1046 1196 1255 1428 1565 1634 1760 1844 2822 3107 3954 4828 5012 5266 5320 5338 5466 5857 6381 6943 7369 7502 7813 7881 8461 8642 8658 8774 9139 9473 9527 9643 9746 9772 9819 10004 10446 10535 10716 11129 12223 12279 12307 12338 12362 12363 12384 12412 12415 12479 12480 12481 12488 12497 12509 12516 12522 12554 
	}
	buildings_max_level_factor=1.000
        manpower=1
        state_category = town
	history = {
		owner = FEN
		add_core_of = FEN
	}
}
