state={
	id=120
	name="STATE_120"
	provinces={
		316 537 789 801 927 944 1420 1461 1689 1757 3074 3129 3245 3728 3862 4214 4319 4586 4599 4638 4715 4838 5070 5077 5301 5322 5609 5660 5978 6550 6556 6768 8417 8641 8643 8758 8781 8791 9152 9489 9644 9716 10125 11094 12258 12273 12281 12294 12370 12373 12411 12421 12438 12439 12451 12456 12462 12466 12474 12478 12490 12514 12515 12518 12526 12532 12538 12539 12548 12556 12577 12583 
	}
	buildings_max_level_factor=1.000
        manpower=1
        state_category = town
	history = {
		owner = FEN
		add_core_of = FEN
	}
}
