state={
	id=126
	name="STATE_126"
	provinces={
		115 188 250 401 767 1100 1260 1311 1431 1613 1764 1806 1849 1869 2047 2293 2298 2984 3745 3860 3881 4133 4152 4276 4497 4840 4907 5022 5095 5319 5358 5383 5896 6222 6520 6626 6742 6760 6955 6962 7000 7177 7512 7720 7974 8355 8365 8535 8583 8854 8864 9204 9219 9267 9271 9330 10283 10810 10924 11119 12277 12286 12291 12315 12340 12343 12349 12353 12357 12361 12369 12376 12379 12381 12383 12387 12400 12432 12442 12450 12461 12473 12477 12496 12543 12566 12574 
	}
	buildings_max_level_factor=1.000
        manpower=1
        state_category = town
	history = {
		owner = FEN
		add_core_of = FEN
	}
}
