state={
	id=129
	name="STATE_129"
	provinces={
		202 240 278 421 558 565 625 669 733 748 803 829 980 1064 1072 1249 1389 1458 1514 1651 1784 1861 2016 2057 2092 2218 2284 2392 2398 2426 2500 2632 2633 2642 2651 2680 2723 2778 2863 2900 3085 3143 3162 3186 3242 3420 3442 3554 3609 3620 3665 3743 3837 3853 3864 3911 4183 4393 4498 4509 4572 4603 4789 4882 4887 4889 4938 5057 5113 5183 5188 5342 5349 5554 5572 5581 5622 5654 5717 5781 5976 6012 6015 6093 6248 6272 6445 6536 6538 6577 6611 6632 6676 6757 6772 6869 6921 6926 6964 7067 7165 7218 7226 7251 7288 7314 7341 7358 7396 7405 7419 7503 7515 7547 7677 7723 7774 7804 7806 7851 7859 7944 7961 8013 8029 8052 8067 8108 8194 8240 8351 8451 8463 8513 8518 8634 8648 8698 8745 8755 9024 9077 9189 9228 9249 9309 9387 9500 9523 9587 9736 9889 9900 9929 10035 10051 10080 10081 10196 10277 10516 10551 10611 10713 10876 10912 10995 11013 12355 12366 12368 12394 12401 12406 12435 12441 12455 12460 12467 12471 12483 12495 12517 12531 12535 12555 12559 12571 12590 12591 12592 12600 12607 12615 12625 12641 12644 12648 12653 12661 12669 12676 12684 12688 12693 12719 12722 12739 12745 12755 12756 12767 12784 12787 12788 12795 12819 12824 12860 12867 12887 12918 12970 12980 13020 13108 
	}
	buildings_max_level_factor=1.000
        manpower=1
        state_category = town
	history = {
		owner = CAE
		add_core_of = CAE
	}
}
