
state={
	id=131
	name="STATE_131"
	provinces={
		97 109 243 248 322 368 372 390 405 440 474 490 557 582 591 593 646 647 711 759 776 872 902 909 913 1011 1037 1095 1107 1197 1198 1207 1262 1292 1332 1337 1365 1382 1446 1449 1465 1479 1494 1511 1517 1526 1533 1535 1574 1608 1618 1688 1707 1713 1725 1749 1758 1779 1811 1813 1823 1854 1893 1910 1955 1978 2002 2004 2043 2063 2107 2142 2255 2289 2311 2342 2378 2394 2422 2463 2537 2569 2592 2647 2669 2672 2677 2682 2693 2705 2741 2753 2755 2811 2873 2875 2932 2933 2937 2959 2990 3008 3038 3044 3046 3048 3095 3184 3255 3259 3261 3322 3371 3375 3383 3428 3460 3488 3527 3553 3599 3600 3606 3636 3645 3650 3668 3694 3697 3710 3733 3751 3753 3793 3804 4010 4032 4040 4043 4066 4226 4339 4392 4406 4443 4454 4462 4472 4479 4490 4527 4564 4617 4689 4732 4735 4768 4864 4867 4902 4906 4918 4921 4924 4971 4978 4979 4984 5045 5088 5119 5271 5278 5311 5384 5475 5483 5527 5556 5573 5634 5638 5655 5751 5768 5813 5852 5855 5894 5899 5916 5925 5961 5972 6029 6036 6038 6103 6123 6196 6230 6242 6380 6394 6464 6484 6490 6519 6549 6567 6595 6641 6657 6693 6741 6748 6806 6815 6818 6856 6970 6987 7014 7128 7206 7220 7359 7392 7416 7529 7533 7548 7572 7603 7634 7657 7713 7767 7797 7801 7834 7849 7865 7903 7907 7912 7948 7982 8012 8033 8062 8091 8100 8157 8298 8326 8353 8388 8446 8483 8538 8548 8549 8554 8586 8616 8624 8631 8633 8637 8651 8667 8668 8736 8738 8768 8884 8924 9049 9129 9150 9155 9167 9181 9205 9237 9264 9296 9306 9324 9334 9398 9415 9525 9543 9612 9638 9721 9734 9739 9775 9893 9973 9998 10030 10073 10107 10112 10135 10142 10198 10276 10286 10345 10371 10372 10401 10435 10466 10491 10517 10614 10617 10627 10655 10750 10796 10804 10808 10850 10965 11068 11071 11209 12399 12424 12454 12458 12493 12501 12502 12504 12505 12513 12529 12530 12541 12552 12553 12573 12584 12585 12586 12587 12588 12606 12611 12614 12617 12624 12636 12637 12646 12657 12658 12675 12679 12683 12689 12696 12702 12704 12713 12714 12721 12728 12729 12748 12757 12758 12759 12760 12778 12786 12791 12807 12815 12835 12845 12855 12864 12865 12866 12873 12883 12884 12885 12900 12901 12906 12917 12934 12937 12943 12950 12953 12965 12974 12992 12997 12999 13000 13008 13027 13028 13031 13032 13034 13043 13061 13065 13066 13079 13082 13083 13084 13087 13097 13105 13106 13107 13119 13124 13125 13137 13161 13165 13169 13176 13195 13208 13219 13221 13253 13269 13274 13314 13318 13344 13347 13379 
	}
	manpower=1
	buildings_max_level_factor=1.000
	state_category=town
	local_supplies=0.000
	history = {
		owner = FTS
		add_core_of = FTS
	}
}
