
state={
	id=136
	name="STATE_136"
	provinces={
		87 162 418 487 716 1256 1343 1357 1447 1629 1685 1696 1762 1765 1829 1877 1986 2213 2375 2532 2955 2957 2997 3194 3653 4101 4140 4352 4377 4809 4820 5038 5116 5473 5512 5531 5650 5775 5830 5886 5980 6063 6064 6127 6162 6185 6414 6511 6628 7008 7012 7035 7084 7150 7217 7233 7321 7417 7904 8049 8197 8352 8414 8433 8537 8697 8794 8901 8952 8968 9006 9187 9194 9419 9420 9432 9472 9573 9590 9673 9786 9807 9921 9986 9987 10308 10356 10480 10513 10577 10707 10747 10794 10836 11077 11103 11171 11231 12545 12565 12594 12622 12626 12677 12698 12706 12717 12723 12733 12736 12793 12802 12818 12821 12822 12838 12844 12853 12882 12957 13001 13033 13036 13038 13051 13064 13070 13071 13075 13098 13103 13115 
	}
	manpower=1
	buildings_max_level_factor=1.000
	state_category=town
	local_supplies=0.000
	history = {
		owner = CAE
		add_core_of = CAE
	}
}
