state={
	id=143
	name="STATE_143"
	provinces={
		228 333 423 597 611 655 719 882 885 949 1169 1210 1363 1617 1650 1670 1753 1781 1791 2119 2269 2359 2415 2721 2771 3096 3120 3474 3578 3688 4013 4098 4167 4197 4385 4609 4700 4769 4853 4912 5034 5170 5199 5221 5234 5415 5558 5561 5570 5713 5936 6191 6236 6492 6581 7140 7176 7468 7731 7733 8103 8123 8176 8230 8256 8396 8546 8701 8743 8953 9359 9368 9582 9601 9922 10031 10147 10238 10330 10525 10631 10651 10676 10715 10739 10801 10853 10858 11028 11061 12595 12612 12616 12629 12654 12655 12662 12666 12681 12690 12699 12715 12731 12761 12769 12797 12808 12851 12854 12889 12896 12898 12915 12938 12947 12954 12955 12982 13003 13049 
	}
	buildings_max_level_factor=1.000
        manpower=1
        state_category = town
	history = {
		owner = VER
		add_core_of = VER
	}
}
