
state={
	id=145
	name="STATE_145"
	provinces={
		84 342 523 545 663 1530 1561 1740 2037 2099 2314 2320 2334 2737 2917 3393 3410 3732 3805 4011 4074 4081 4117 4399 4975 4982 5166 5211 5262 5392 5507 6466 6485 6666 6689 7041 7249 7433 7527 7585 7926 7960 8074 8225 8379 8450 8614 8728 9290 9426 9520 9580 9859 10056 10149 10207 10328 10373 10562 10598 10636 10806 10841 10945 10957 11005 11111 11165 11179 12511 12546 12550 12580 12596 12603 12642 12649 12659 12664 12665 12691 12705 12742 12746 12772 12785 12871 12888 12907 12931 12944 
	}
	manpower=1
	buildings_max_level_factor=1.000
	state_category=town
	local_supplies=0.000
	history = {
		owner = CAE
		add_core_of = CAE
	}
}
