state={
	id=147
	name="STATE_147"
	provinces={
		19 181 235 366 448 507 575 673 737 770 775 795 922 972 1017 1122 1537 1589 1737 1801 1803 1912 1914 1958 2161 2222 2270 2336 2410 2572 2648 2728 2774 2776 2845 2855 2922 2964 3064 3174 3299 3353 3930 3952 3986 3990 4029 4083 4329 4404 4416 4724 4756 4856 4962 5108 5254 5340 5347 5557 5567 5642 5697 5700 5723 5818 6156 6173 6182 6301 6396 6476 6541 6597 6694 6707 6802 6858 7015 7085 7175 7221 7277 7296 7441 7459 7475 7539 7573 7607 7610 7704 7837 7932 7941 7983 7997 8044 8048 8127 8222 8340 8386 8734 8760 8772 8821 8848 9017 9023 9090 9115 9230 9297 9371 9485 9496 9569 9749 9849 9911 9968 10179 10237 10289 10294 10441 10477 10492 10514 10588 10634 10637 10833 10898 10931 10943 11032 11064 12609 12618 12623 12631 12647 12650 12663 12671 12685 12694 12703 12724 12740 12743 12751 12752 12765 12773 12777 12789 12790 12816 12833 12839 12842 12846 12852 12857 12875 12878 12890 12891 12912 12913 12916 12939 12940 12946 12948 12951 12963 12981 12983 12994 13009 13045 13053 13089 13093 13110 13123 13148 13187 13197 13200 13207 13225 13254 13258 13312 13329 
	}
	buildings_max_level_factor=1.000
        manpower=1
        state_category = town
	history = {
		owner = FEN
		add_core_of = FEN
	}
}
