state={
	id=154
	name="STATE_154"
	provinces={
		773 844 929 1042 1463 1872 2409 2449 2547 2706 2915 3079 3222 3463 3661 3768 4132 4353 4414 4601 4920 5140 5435 5454 5513 5658 5811 6037 6042 6147 6334 6645 7052 7522 8201 8210 8373 8712 8825 9168 9409 10216 10254 10523 10604 10624 10929 10979 11080 12737 12800 12826 12872 12905 12910 12911 12945 12984 12995 13004 13024 
	}
	buildings_max_level_factor=1.000
        manpower=50000000
        state_category = town
	history = {
		owner = MER
		add_core_of = MER
	}
}
