
state={
	id=161
	name="STATE_161"
	provinces={
		59 65 81 178 189 196 244 290 312 406 454 533 541 636 730 923 934 946 974 991 1005 1099 1153 1334 1411 1706 1745 1789 1828 1908 1952 1964 2156 2236 2385 2393 2798 2927 2941 2963 3076 3187 3258 3349 3520 3528 3614 3918 3948 3969 4097 4213 4510 4533 4581 4616 4783 4866 5074 5437 5733 5812 5827 5842 5889 5935 6270 6278 6282 6450 6495 6528 6560 6571 6660 6681 6810 7105 7185 7199 7322 7429 7445 7568 7623 7728 7769 7853 7980 8129 8174 8196 8288 8593 8603 8741 8778 8790 8889 8890 8974 9123 9132 9310 9380 9406 9727 9822 9854 10021 10063 10077 10158 10215 10227 10267 10287 10339 10348 10506 10519 10635 10849 11000 11022 12218 12247 12278 12413 12422 12519 12520 12528 12557 12563 12572 12589 12601 12605 12634 12635 12682 12687 12716 12718 12735 12766 12897 12942 12964 12979 12991 12996 13019 13078 13090 13129 
	}
	manpower=1
	buildings_max_level_factor=1.000
	state_category=town
	local_supplies=0.000
	history = {
		owner = FTS
		add_core_of = FTS
	}
}
