
state={
	id=163
	name="STATE_163"
	provinces={
		1 12 13 27 104 141 145 164 168 170 258 284 328 339 340 381 385 396 403 524 619 668 678 684 714 717 722 788 843 845 935 943 951 958 963 976 979 1016 1023 1049 1114 1144 1228 1265 1312 1413 1525 1615 1626 1673 1768 1936 1993 2077 2123 2148 2163 2194 2205 2313 2325 2376 2400 2406 2466 2509 2512 2643 2726 2745 2747 2797 2914 2928 2951 3007 3034 3054 3065 3090 3131 3156 3201 3359 3445 3561 3563 3585 3605 3651 3652 3721 3770 3823 3908 3924 3927 3968 3975 3983 3996 4057 4086 4087 4099 4113 4119 4146 4148 4179 4188 4194 4225 4340 4535 4539 4570 4590 4591 4597 4805 4861 4883 4957 4959 4980 5092 5147 5194 5261 5269 5314 5553 5626 5631 5673 5701 5706 5750 5770 5820 5850 5929 5967 6027 6039 6056 6065 6070 6178 6187 6198 6199 6203 6220 6235 6314 6387 6409 6432 6441 6442 6462 6475 6503 6504 6524 6665 6692 6701 6725 6820 6880 6901 6919 7053 7072 7101 7182 7291 7298 7315 7439 7497 7514 7535 7578 7586 7605 7685 7762 7789 7872 7916 7955 8050 8061 8069 8073 8090 8115 8164 8191 8198 8234 8255 8297 8311 8329 8339 8407 8503 8598 8606 8784 8803 8841 9041 9089 9186 9192 9229 9400 9440 9457 9475 9477 9483 9507 9519 9530 9617 9679 9715 9753 9770 9824 9842 9853 9879 9895 9902 9938 9980 10090 10156 10186 10197 10402 10416 10445 10467 10629 10648 10650 10660 10686 10688 10699 10714 10742 10782 10869 10878 10940 10986 11132 11150 11200 11224 13462 13481 13485 13491 13503 13516 13517 13518 13531 13532 13537 13543 13554 13564 13566 13569 13579 13580 13582 13585 13591 13593 13594 13596 13605 13607 13612 13615 13622 13625 13629 13631 13632 13635 13638 13642 13647 13653 13654 13658 13662 13666 13667 13672 13675 13677 13682 13683 13688 13702 13703 13706 13714 13715 13716 13720 13723 13728 13734 13736 13745 13750 13751 13759 13763 13764 13774 13781 13782 13783 13788 13793 13803 13816 13817 13833 13834 13836 13850 13852 13859 13874 13877 13886 13888 13891 13896 13902 13929 13945 13946 13993 14001 14012 14045 14052 
	}
	manpower=1
	buildings_max_level_factor=1.000
	state_category=town
	local_supplies=0.000
	history = {
		owner = MER
		add_core_of = MER
	}
}
