state={
	id=165
	name="STATE_165"
	provinces={
		31 245 462 643 1323 1799 2066 2171 2226 2306 2372 2390 2469 2838 3419 3513 3693 4105 4780 4804 4972 5010 5192 5545 5689 5753 5828 6016 6283 6337 6402 6481 6817 7023 7338 7423 7782 8577 8619 8762 9002 9245 9660 9903 10182 10415 10424 10595 11085 12908 12941 13010 13012 13017 13030 13041 13104 13114 13127 13154 13155 13164 13189 13194 
	}
	buildings_max_level_factor=1.000
        manpower=1
        state_category = town
	history = {
		owner = TOR
		add_core_of = TOR
	}
}
