
state={
	id=166
	name="STATE_166"
	provinces={
		50 132 134 143 182 315 323 420 455 458 601 671 696 786 810 898 918 925 1062 1075 1248 1263 1290 1355 1541 1736 1808 1810 1815 1850 1960 1967 1997 2049 2072 2073 2079 2242 2384 2587 3031 3319 3418 3473 3534 3565 3630 3735 4048 4120 4239 4302 4441 4571 4613 4718 5047 5086 5227 5374 5443 5511 5606 5718 5721 5864 5910 5920 6023 6195 6273 6424 6715 6835 6894 6904 7303 7410 7465 7631 7644 7689 7726 7805 7924 7954 8080 8117 8141 8143 8344 8378 8428 8857 9216 9287 9291 9322 9499 9514 9538 9584 9611 9909 9962 10069 10074 10082 10295 10458 10643 10717 10727 10745 10778 10947 11007 11166 12968 12988 13006 13046 13047 13056 13067 13086 13116 13117 13131 13142 13145 13156 13159 13170 13175 13177 13191 13198 13214 13250 13255 13263 13324 13346 13367 13370 13384 13387 13412 13423 13478 
	}
	manpower=1
	buildings_max_level_factor=1.000
	state_category=town
	local_supplies=0.000
	history = {
		owner = MER
		add_core_of = MER
	}
}
