state={
	id=169
	name="STATE_169"
	provinces={
		55 344 534 538 585 631 766 1079 1146 1333 1353 1441 1534 1595 1633 1751 1766 2035 2089 2262 2419 2590 2681 2813 2970 3390 3394 3397 3903 4051 4153 4185 4191 4208 4470 4602 4627 4705 5160 5164 5246 5371 5505 5616 5682 6176 6354 6497 6566 6811 6829 6954 6968 7118 7275 7339 7388 7401 7437 7483 7882 7900 7908 7934 8152 8171 8392 8473 8540 8578 8594 8811 8897 8950 9030 9215 9255 9993 10143 10210 10327 10426 10497 10509 10520 10783 10818 10848 10863 10975 12969 12998 13002 13015 13025 13040 13048 13050 13072 13077 13099 13100 13102 13120 13122 13136 13138 13139 13147 13171 13183 13192 13199 13204 13205 13210 13212 13228 13281 13295 13360 13361 13364 13389 13397 13442 
	}
	buildings_max_level_factor=1.000
        manpower=1
        state_category = town
	history = {
		owner = VER
		add_core_of = VER
	}
}
