state={
	id=172
	name="Verastelle"
	provinces={
		33 38 52 200 220 343 425 493 583 632 681 705 707 878 907 910 964 1031 1070 1188 1212 1257 1274 1380 1391 1459 1647 1675 1703 1816 1864 1894 1989 2041 2330 2506 2788 2821 3017 3022 3111 3230 3306 3508 3763 3802 4182 4209 4356 4363 4390 4518 4523 4632 4664 4688 4710 4738 4832 5005 5082 5486 5562 5619 5632 5639 5731 5829 5881 5903 5968 6190 6201 6229 6323 6400 6529 6743 6870 6999 7145 7250 7545 7620 7708 7737 7743 7809 7857 7879 7992 8099 8181 8190 8259 8290 8321 8368 8440 8934 8976 9013 9045 9065 9268 9273 9602 9642 9788 9886 10116 10131 10436 10455 10555 10625 10645 10692 10968 11176 12978 13018 13152 13179 13201 13216 13217 13220 13223 13224 13230 13238 13276 13283 13289 13293 13304 13306 13310 13343 13354 13357 13383 13392 13402 13410 13411 13422 13435 13469 13472 13477 13497 
	}
	buildings_max_level_factor=1.000
        manpower=21780000
        state_category = urban
	history = {
		owner = MER
		add_core_of = MER
	victory_points = {
		7857 32
	}
	victory_points = {
		13217 29
	}
	victory_points = {
		7809 33 
	}
	victory_points = {
		13435 24
	}
	victory_points = {
		13497 28
	}
	}

}
