state={
	id=175
	name="Montévrac"
	provinces={
		96 346 437 797 1034 1056 1149 1596 1600 1656 1662 1890 2168 2478 2488 2495 2703 2754 2815 3116 3271 3289 3313 3314 3332 3337 3485 3556 3663 3741 4078 4428 4717 4719 4785 4841 5110 5603 5645 5780 5860 6088 6090 6612 6763 7079 7091 7109 7114 7577 7695 7699 7998 8000 8111 8300 8305 8441 8585 8880 8920 9382 9463 9488 9743 9840 10121 10183 10250 10257 10475 10816 10820 11059 11084 11105 13013 13042 13060 13076 13101 13135 13150 13153 13190 13193 13206 13213 13233 13245 13275 13305 13313 13376 13428 13431 13434 13444 13455 
	}
	buildings_max_level_factor=1.000
        manpower=1344900
        state_category = town
	history = {
		owner = MER
		add_core_of = MER
	victory_points = {
		10121 22
	}
	victory_points = {
		13376 38
	}
	victory_points = {
		13313 29
	}
	victory_points = {
		2703 44
	}
	}
}
