state={
	id=182
	name="STATE_182"
	provinces={
		213 415 660 726 727 818 916 948 1137 1215 1224 1444 1502 1505 2005 2173 2272 2332 2371 2520 2649 2717 2808 2858 2908 2913 2935 2953 3144 3324 3387 3797 3818 3922 4309 4417 4494 4513 4788 4860 4942 5382 5481 5534 5681 6168 6276 6607 6622 6920 6957 7171 7239 7656 7688 7850 8217 8555 8905 9183 9480 9789 9826 9846 10037 10072 10103 10217 10337 10376 10471 10653 10704 10754 10942 10949 11074 11162 13140 13163 13229 13236 13262 13272 13282 13288 13290 13291 13303 13311 13322 13323 13326 13336 13342 13345 13356 13362 13365 13372 13373 13378 13385 13401 
	}
	buildings_max_level_factor=1.000
        manpower=1
        state_category = town
	history = {
		owner = VER
		add_core_of = VER
	}
}
