state={
	id=183
	name="STATE_183"
	provinces={
		124 126 156 186 249 384 512 662 720 783 873 895 1083 1110 1297 1616 1709 2145 2513 2566 2691 2750 2831 2910 3690 3869 3991 4088 4102 4128 4162 4176 4265 4366 4367 4371 4757 4930 5065 5155 5659 5683 5709 5800 5806 5986 6166 6335 6348 6426 6438 6825 6866 6949 7048 7112 7144 7336 7412 7421 7491 7678 7759 8042 8142 8295 8320 8783 8802 9051 9416 9462 9557 9625 9763 9960 9963 10085 10296 10451 10505 10618 10646 11096 13149 13203 13211 13218 13264 13267 13268 13294 13297 13298 13316 13330 13332 13338 13351 13358 13371 13400 13408 13413 13414 13427 13432 13449 13451 13452 13453 13456 13479 13482 13490 13493 13505 13512 13525 13529 13551 13555 13556 13567 13597 13608 13626 13628 
	}
	buildings_max_level_factor=1.000
        manpower=1
        state_category = town
	history = {
		owner = GRZ
		add_core_of = GRZ
	}
}
