state={
	id=185
	name="STATE_185"
	provinces={
		7 105 118 128 241 260 271 456 665 771 969 1032 1091 1684 1686 1814 1963 1966 2001 2113 2127 2128 2134 2360 2483 2528 2571 2611 2630 2791 2832 2920 3023 3082 3269 3369 3388 3436 3583 3888 3971 3988 4017 4035 4093 4324 4552 4622 4711 4802 4817 4848 4908 5272 5398 5672 5904 6124 6228 6625 6684 6814 6872 7095 7214 7276 7320 7362 7592 7619 7636 7939 7940 8014 8025 8093 8096 8436 8669 8757 9036 9046 9298 9369 9495 9566 9678 9918 9941 10008 10014 10101 10102 10105 10139 10422 10450 10913 10941 13181 13185 13249 13251 13256 13280 13284 13292 13299 13317 13325 13327 13333 13339 13348 13349 13377 13398 13403 13406 13407 13409 13426 13437 13447 13461 13465 13470 13486 13507 13523 13560 
	}
	buildings_max_level_factor=1.000
        manpower=1
        state_category = town
	history = {
		owner = GRZ
		add_core_of = GRZ
	}
}
