state={
	id=200
	name="Plainz-Torvagne"
	provinces={
		57 264 273 362 364 447 604 608 762 821 992 998 1029 1105 1189 1474 1540 1827 1842 2185 2248 2439 2477 2481 2589 2688 2835 2849 2859 3060 3113 3225 3496 3501 3602 3662 3738 3875 4002 4115 4210 4224 4322 4378 4538 4796 4827 4854 4928 4987 5157 5242 5339 5357 5386 5395 5413 5433 5550 5679 5685 5834 5900 5999 6014 6044 6211 6358 6406 6518 6539 6673 6680 6695 6788 6944 7255 7308 7440 7457 7487 7562 7710 7781 7800 7829 7870 8007 8010 8145 8167 8336 8347 8394 8484 8615 8638 8695 8903 8947 9052 9108 9367 9454 9598 9802 9835 9988 9995 9996 10026 10190 10297 10305 10352 10724 10751 10884 10955 10980 11002 11230 13441 13466 13468 13492 13499 13522 13528 13548 13570 13583 13599 13610 13623 13630 13648 13663 13686 13687 13697 13709 13719 13737 13739 13753 13794 13804 13807 13808 13818 13819 13826 13831 13846 13854 13866 13869 13897 13943 
	}
	buildings_max_level_factor=1.000
        manpower=1070880
        state_category = rural
	history = {
		owner = MER
		add_core_of = MER
	victory_points = {
		5695 13
	}
	victory_points = {
		9802 15
	}
	victory_points = {
		992 20
	}
	victory_points = {
		10352 21
	}
	victory_points = {
		2849 25
	}
	victory_points = {
		4002 19
	}
	victory_points = {
		9989 12
	}
	victory_points = {
		13807 10
	}
	victory_points = {
		6518 10
	}
	}
}
