
state={
	id=204
	name="STATE_204"
	provinces={
		69 518 528 536 613 667 1687 1717 1795 2029 2358 2573 2689 2942 3033 3209 3588 3798 4288 4628 5436 5496 5502 5674 5710 5805 6234 6579 6874 7238 7379 7434 7436 7479 7588 7827 7930 8216 8423 8807 9026 9156 9325 9972 10378 10484 10597 10675 10776 13445 13446 13450 13459 13460 13467 13487 13495 13496 13511 13519 13534 13546 13547 13563 13573 13584 13619 13620 13652 13661 
	}
	manpower=1
	buildings_max_level_factor=1.000
	state_category=town
	local_supplies=0.000
	history = {
		owner = SYL
		add_core_of = SYL
	}
}
