state={
	id=209
	name="Elyssara"
	provinces={
		43 130 212 238 266 311 374 398 552 580 694 715 731 914 983 1329 1379 1392 1403 1520 1590 1594 1657 1664 1729 1755 1775 1804 1841 1845 1873 1881 1926 1948 2027 2158 2187 2257 2279 2367 2460 2475 2482 2518 2748 2843 2916 2926 2980 3067 3256 3429 3511 3517 3571 3639 3696 3762 3796 3892 4150 4419 4434 4598 4649 4701 4748 4773 4799 4807 4835 4847 4851 4890 4911 4951 5205 5231 5276 5279 5310 5373 5563 5588 5601 5677 5931 6204 6218 6287 6369 6425 6620 6661 6837 6895 6951 7060 7061 7466 7500 7589 7597 7599 7604 7608 7611 7671 7674 7711 7719 7766 7776 7856 8054 8175 8206 8209 8287 8315 8405 8625 8682 8824 8829 8838 8935 8983 9003 9010 9075 9121 9320 9360 9451 9470 9479 9579 9589 9597 9630 9640 9650 9748 9852 9877 9908 10027 10049 10159 10175 10251 10375 10400 10414 10821 10877 10894 11003 11011 11019 11035 11038 13504 13509 13515 13526 13541 13561 13568 13574 13575 13576 13587 13588 13590 13592 13595 13613 13614 13640 13645 13650 13659 13660 13665 13668 13669 13673 13678 13685 13693 13698 13699 13704 13711 13712 13717 13718 13722 13738 13749 13754 13766 13767 13772 13776 13784 13796 13809 13813 13832 13835 13838 13847 13851 13865 13880 13903 13905 13922 13935 13974 13975 
	}
	buildings_max_level_factor=1.000
        manpower=40506300
        state_category = Megalopolis
	history = {
		owner = ARC
		add_core_of = ARC
	}
}
