
state={
	id=210
	name="Rhenavia"
	provinces={
		53 445 754 778 877 1094 1230 1700 2060 2181 2692 2767 2856 3354 3499 3540 3558 3683 3867 4217 4411 4448 4456 4568 4742 4822 4958 5017 5226 5251 5362 5590 5839 6084 6332 7088 7201 7443 7506 7632 7962 8071 8408 8675 9095 9567 10195 10226 10244 10319 10593 10928 10964 11037 11199 13549 13581 13602 13616 13617 13692 13724 13732 13770 13791 13837 13894 13921 13931 13966 13981 14015 
	}
	manpower=21877500
	buildings_max_level_factor=1.000
	state_category=town
	local_supplies=0.000
	history = {
		owner = ARC
		add_core_of = ARC
	}
}
