
state={
	id=211
	name="STATE_211"
	provinces={
		804 962 1038 1168 1460 1512 1860 1888 2207 2762 2809 3006 3057 3147 3151 3257 3291 3515 3902 3904 3997 4423 4507 4687 4709 4878 5258 5259 5388 5734 5742 5815 6275 6685 7039 7237 7352 7373 7520 7989 8597 8602 9114 9279 9425 9431 9735 9808 9924 10052 10495 10498 10552 10576 10793 10842 11212 13544 13636 13656 13679 13680 13696 13705 13710 13713 13726 13760 13761 13786 13787 13789 13790 13800 13820 13840 
	}
	manpower=1
	buildings_max_level_factor=1.000
	state_category=town
	local_supplies=0.000
	history = {
		owner = SYL
		add_core_of = SYL
	}
}
