state={
	id=214
	name="STATE_214"
	provinces={
		10 41 129 199 255 293 306 416 446 480 505 603 693 862 1071 1442 1452 2076 2224 2329 2335 2412 3055 3195 3564 3604 3807 4041 4169 4242 4403 4515 4589 4886 4998 5472 5571 5624 5628 5760 5937 6078 6160 6307 6362 6545 6604 6634 6655 6682 6786 6804 6860 7170 7265 7385 7452 7600 7714 7741 8377 8398 8632 8818 8972 9009 9032 9422 9769 10062 10154 10332 10488 10768 10777 10961 11196 11217 13618 13644 13671 13695 13733 13748 13755 13799 13802 13829 13845 13909 13917 13918 13923 13927 13933 13980 13996 14063 14068 14093 
	}
	buildings_max_level_factor=1.000
        manpower=1
        state_category = town
	history = {
		owner = FRI
		add_core_of = FRI
	}
}
