
state={
	id=233
	name="Raillagne Mountains"
	provinces={
		263 348 359 650 695 723 901 1010 1069 1143 1320 1478 1519 1721 1798 1901 1951 2112 2174 2221 2337 2379 2456 2472 2526 2531 2559 2574 2581 2609 2683 2773 3058 3171 3424 3530 3531 3566 3596 3619 3659 3720 3893 3906 4104 4429 4506 4729 4963 5220 5305 5430 5462 5671 5794 5841 6263 6531 6697 6745 7200 7243 7292 7424 7438 7532 7540 7683 7861 7867 7946 8057 8118 8120 8212 8260 8316 9110 9484 9585 9784 9948 9952 9953 10136 10285 10533 10543 10560 10578 10749 10763 11062 11146 13841 13853 13868 13887 13893 13907 13926 13939 13949 13955 13958 13960 13972 13991 14006 14017 14034 14036 14057 14072 14073 14074 14107 14117 14118 14119 14122 14131 14132 14149 14150 14160 14171 14196 14202 14211 14215 
	}
	manpower=35590
	buildings_max_level_factor=1.000
	state_category=rural
	local_supplies=0.000
	history = {
		owner = MER
		add_core_of = MER
	}
}
