state={
	id=237
	name="STATE_237"
	provinces={
		77 100 121 211 361 395 461 488 746 932 975 1008 1129 1280 1310 1358 1414 1429 1545 1554 1619 1825 1833 1852 1920 2062 2215 2259 2271 2468 2560 2591 2594 2622 2659 3231 3260 3493 3518 3631 3708 3794 4077 4230 4248 4311 4389 4410 4446 4558 4734 4770 4803 4833 5036 5054 5090 5167 5218 5354 5424 5432 5509 5517 5625 5729 5858 5882 5918 5948 6000 6121 6181 6231 6496 6796 7049 7137 7167 7393 7473 7821 8039 8070 8092 8420 8522 8600 8601 8775 8845 8863 8906 8978 9000 9098 9221 9240 9302 9362 9446 9474 9608 9805 9872 10064 10092 10310 10323 10383 10473 10642 10740 10963 11010 11014 11027 11081 11136 11153 13771 13821 13830 13843 13844 13849 13861 13864 13883 13904 13910 13914 13915 13919 13920 13928 13937 13944 13948 13953 13954 13957 13971 13977 13978 13985 13986 14003 14004 14005 14009 14010 14016 14020 14038 14049 14077 14078 14089 14101 14134 14173 14177 14182 14183 
	}
	buildings_max_level_factor=1.000
        manpower=1
        state_category = town
	history = {
		owner = WSR
		add_core_of = WSR
	}
}
