
state={
	id=24
	name="STATE_24"
	provinces={
		23 32 337 419 659 685 701 784 855 1128 1244 1267 1371 1714 2179 2324 2764 3068 3509 3667 4351 4855 5056 5137 5277 5313 5336 5434 5633 5652 6005 6076 6101 6116 6281 6292 6374 6386 6430 6512 7124 7227 7328 7455 7630 7724 7732 7745 7890 8224 8381 8689 8904 9011 9289 9478 9546 9621 9740 9928 10075 10115 10605 10619 10758 11067 11110 11222 11223 11689 11706 11725 11744 11759 11763 11778 11785 11799 11808 11822 11836 11850 11854 11888 11897 11899 11906 11923 11940 11972 11983 11992 12006 12018 12021 16815
	}
	manpower=1
	buildings_max_level_factor=1.000
	state_category=town
	local_supplies=0.000
	history = {
		owner = TSM
		add_core_of = TSM
	}
}
