state={
	id=256
	name="STATE_256"
	provinces={
		120 232 287 550 554 732 832 1155 1192 1302 1339 1543 2031 2237 2247 2280 2351 3243 3502 3719 4251 4534 4610 4777 4814 5027 5309 5575 5715 5848 5851 6010 6615 6617 6923 7092 7197 7690 7727 7981 8027 8327 9137 9353 9424 9616 10068 10291 10691 10952 13989 13997 13998 14014 14021 14024 14039 14041 14055 14075 14091 14099 14144 14152 14156 14167 14179 14184 14187 
	}
	buildings_max_level_factor=1.000
        manpower=1
        state_category = town
	history = {
		owner = MER
		add_core_of = MER
	}
}
