state={
	id=258
	name="STATE_258"
	provinces={
		152 169 267 299 612 621 952 1024 1048 1132 1152 1185 1269 1283 1374 1393 1424 1485 1628 1640 1677 1683 1728 1818 2124 2125 2217 2256 2386 2461 2486 2522 2756 2945 3024 3139 3193 3237 3305 3379 3380 3504 3695 3701 3707 3899 4080 4111 4326 4334 4648 4693 4745 4784 4786 4862 4868 5039 5097 5103 5233 5260 5378 5421 5479 5487 5719 5724 6453 6672 6746 6766 6816 6821 6833 7107 7111 7155 7244 7340 7654 7775 7803 7892 7936 7970 8135 8149 8159 8207 8465 8478 8672 8735 9292 9317 9370 9548 9623 9651 9758 9773 9912 9942 10252 10685 10966 11149 11192 11219 14000 14048 14081 14088 14100 14111 14120 14127 14128 14158 14162 14166 14168 14169 14176 14181 14193 14195 14203 14217 14219 14224 14240 14244 14252 14257 14265 14275 14296 14301 14314 14343 14364 14396 14411 14431 14445 14493 14520 14546 14552 14636 14723 
	}
	buildings_max_level_factor=1.000
        manpower=1
        state_category = town
	history = {
		owner = WSR
		add_core_of = WSR
	}
}
