
state={
	id=259
	name="STATE_259"
	provinces={
		66 116 207 302 304 393 460 546 607 614 1090 1133 1406 1482 1492 1528 1741 1929 1975 2071 2078 2149 2195 2264 2304 2447 2623 2629 2828 2892 2975 3066 3077 3160 3298 3321 3455 3459 3543 3581 3671 3773 3849 3935 4047 4159 4233 4245 4350 4362 4483 4555 4644 4657 4836 4871 4917 5411 5568 5752 5765 5801 5875 5906 5955 6041 6141 6169 6516 6522 6551 6667 6781 6797 6990 7554 7682 7795 8273 8383 8443 8517 8605 8687 8796 8856 9244 9390 9468 9699 9806 9871 10061 10137 10187 10206 10273 10539 10596 10708 10728 10762 10780 10822 10864 10909 11009 11017 12935 13016 13021 13054 13111 13113 13128 13134 13141 13146 13172 13184 13188 13209 13237 13240 13242 13244 13259 13266 13273 13277 13309 13319 13334 13335 13337 13350 13359 13366 13391 13394 13395 13419 13430 13448 16812
	}
	manpower=1
	buildings_max_level_factor=1.000
	state_category=town
	local_supplies=0.000
	history = {
		owner = FEN
		add_core_of = FEN
	}
}
