
state={
	id=275
	name="STATE_275"
	provinces={
		194 279 353 441 450 1164 1324 1352 1488 1631 1805 1812 2015 2025 2101 2230 2254 2596 3170 3421 3546 4196 4713 4746 4894 5296 5536 5661 5684 5907 6224 6459 6487 6574 6831 6940 6971 7245 7266 8034 8690 8742 8787 9402 9709 9832 10558 10814 12899 12928 12971 12987 13037 13039 13260 13278 13320 13341 13374 13382 13390 13405 13420 13425 13439 
	}
	manpower=1
	buildings_max_level_factor=1.000
	state_category=town
	local_supplies=0.000
	history = {
		owner = MER
		add_core_of = MER
	}
}
