state={
	id=278
	name="STATE_278"
	provinces={
		112 209 276 338 373 387 392 428 587 1050 1222 1223 1348 1364 1576 1748 1782 1822 2000 2229 2620 2730 2801 2812 2842 2949 2971 2996 3072 3220 3270 3373 3407 3423 3441 3570 3591 3678 3714 3774 3848 3852 3886 3992 4206 4402 4548 4551 4619 4891 5075 5637 5647 5777 5969 5979 6061 6150 6267 6344 6398 6465 6558 6568 6583 6642 7148 7210 7230 7414 7528 7609 7817 7885 8009 8036 8178 8479 8571 8592 8710 8725 8810 8859 8981 9076 9339 9487 9505 9742 9765 9800 9829 10041 10246 10312 10548 10569 10787 10800 10838 11104 11123 14109 14124 14129 14135 14146 14180 14186 14189 14194 14206 14218 14222 14233 14243 14249 14256 14258 14266 14278 14284 14289 14315 14316 14330 14337 14345 14349 14369 14376 14379 14384 14405 
	}
	buildings_max_level_factor=1.000
        manpower=1
        state_category = town
	history = {
		owner = MER
		add_core_of = MER
	}
}
