state={
	id=28
	name="STATE_28"
	provinces={
		138 358 1139 1394 1416 1885 1917 1922 2203 2784 3000 3522 3740 3778 3981 4145 4190 4502 4810 4932 5064 5136 5195 5219 5370 5372 5692 5849 6105 6385 6575 6653 6778 7302 7645 8053 8531 8573 8853 8932 8994 9040 9094 9141 9206 9536 9634 9655 10449 10626 10661 11016 11560 11570 11571 11579 11580 11589 11590 11600 11603 11607 11609 11624 11631 11641 11662 11680 11685 11692 11797 11806 11832 
	}
	buildings_max_level_factor=1.000
        manpower=1
        state_category = town
	history = {
		owner = CAE
		add_core_of = CAE
	}
}
