
state={
	id=292
	name="STATE_292"
	provinces={
		42 142 369 410 504 513 645 734 782 787 828 871 900 920 961 993 1020 1112 1121 1173 1191 1204 1321 1529 1579 1582 1672 1695 1744 1778 1792 1819 1896 1897 2086 2183 2245 2383 2402 2413 2525 2556 2564 2607 2639 2641 2645 2744 2751 2758 2961 2987 3045 3308 3350 3395 3487 3526 3647 3780 3840 3847 3979 4096 4166 4204 4333 4349 4375 4413 4503 4577 4667 4704 4750 4898 4976 5040 5049 5076 5118 5215 5263 5282 5346 5367 5387 5469 5589 5665 5676 5764 5862 5933 5954 5973 5994 6002 6018 6054 6159 6254 6255 6268 6321 6366 6390 6418 6436 6543 6630 6637 6654 6717 6882 7242 7306 7348 7407 7537 7672 7679 7725 7751 7889 8051 8106 8251 8258 8369 8391 8490 8507 8623 8656 8666 8852 8867 8958 9019 9103 9120 9193 9225 9319 9377 9439 9515 9558 9604 9627 9725 9781 9793 9885 10032 10076 10079 10193 10223 10228 10234 10306 10307 10353 10412 10469 10654 10788 10871 10880 10900 10921 10962 10972 10996 10999 11041 11128 14251 14263 14291 14304 14305 14331 14346 14350 14362 14392 14393 14394 14398 14416 14420 14421 14428 14432 14437 14450 14465 14471 14480 14485 14486 14501 14525 14529 14532 14540 14544 14547 14560 14566 14567 14570 14571 14577 14582 14598 14600 14606 14615 14627 14634 14641 14647 14649 14659 14664 14667 14674 14686 14690 14695 14698 14700 14710 14718 14731 14732 14733 14753 14760 14779 14780 14782 14793 14823 
	}
	manpower=1
	buildings_max_level_factor=1.000
	state_category=town
	local_supplies=0.000
	history = {
		owner = TEN
		add_core_of = TEN
	}
}
