state={
	id=296
	name="STATE_296"
	provinces={
		214 216 318 376 465 519 609 620 644 740 938 1058 1106 1491 1754 1835 1883 2115 2232 2634 2707 2766 2974 3002 3101 3159 3304 3391 3704 4187 4511 4641 4909 4940 5037 5212 5394 5406 5749 5789 5831 5892 5945 6009 6043 6174 6322 6513 6875 6938 7349 7425 7453 7486 8125 8250 8257 8289 8449 8587 8617 8861 9072 9143 9198 9393 9504 9542 9694 9947 10133 10365 10590 10757 11020 14178 14279 14285 14286 14295 14300 14302 14306 14317 14325 14357 14360 14365 14366 14370 14378 14383 14388 14408 14410 14458 
	}
	buildings_max_level_factor=1.000
        manpower=1
        state_category = town
	history = {
		owner = MOS
		add_core_of = MOS
	}
}
