
state={
	id=305
	name="STATE_305"

	history={
		owner = WSR
		add_core_of = WSR

	}

	provinces={
		14 103 137 190 221 303 380 479 508 568 571 652 710 758 928 931 1043 1081 1086 1102 1131 1140 1166 1273 1285 1336 1366 1504 1510 1676 1692 1930 2126 2153 2189 2196 2282 2388 2395 2490 2580 2598 2664 2769 2826 2884 2956 2967 3019 3115 3124 3254 3280 3475 3542 3736 3838 3885 3921 3973 4121 4173 4193 4263 4368 4408 4516 4584 4587 4643 4659 4752 4870 4880 4952 5033 5053 5130 5145 5249 5312 5537 5623 5675 5725 5740 5788 5845 5970 6011 6135 6164 6259 6338 6412 6600 6662 6719 6736 6787 6845 6853 6855 6932 6939 6991 7005 7073 7169 7212 7231 7271 7273 7283 7368 7386 7536 7571 7615 7629 7693 7735 7746 7748 7770 7780 7828 8128 8189 8303 8358 8361 8370 8532 8595 8692 8844 8926 8995 9105 9213 9234 9399 9518 9545 9757 9838 9958 10083 10088 10097 10126 10132 10160 10231 10261 10274 10324 10379 10405 10476 10496 10701 10705 10733 10752 10839 10902 10910 11031 11082 11145 11155 11174 11184 14228 14234 14259 14262 14273 14303 14312 14339 14340 14352 14358 14361 14367 14374 14375 14381 14387 14391 14400 14406 14419 14441 14444 14451 14452 14470 14478 14479 14481 14482 14495 14496 14522 14524 14541 14549 14557 14559 14564 14565 14576 14585 14590 14593 14597 14609 14629 14657 14658 14697 14699 14729 14730 14742 14743 14776 14789 14799 14808 14812 14834 14847 14866 14882 14903 14910 14920 14921 14935 14950 14958 15017 15031 
	}
	manpower=1
	buildings_max_level_factor=1.000
	state_category=town
	local_supplies=0.000
}
