state={
	id=312
	name="STATE_312"
	provinces={
		25 45 73 133 222 297 429 433 640 699 708 743 745 831 846 859 866 947 966 986 1059 1101 1221 1331 1402 1473 1531 1548 1644 1719 1777 1788 1831 1843 1863 1932 1968 1981 2105 2131 2315 2321 2471 2484 2494 2497 2510 2654 2670 2833 2982 3028 3049 3084 3104 3110 3223 3234 3300 3339 3366 3467 3490 3679 3689 3749 3750 3826 3859 3863 3868 4033 4054 4235 4346 4369 4457 4630 4776 4850 5015 5123 5250 5288 5348 5451 5474 5578 5643 5766 5840 5921 6021 6092 6155 6213 6214 6294 6300 6329 6372 6384 6397 6447 6523 6702 6896 6930 6973 7016 7030 7074 7078 7089 7202 7263 7449 7450 7484 7596 7602 7625 7706 7764 8022 8046 8081 8124 8291 8293 8323 8338 8345 8431 8459 8524 8564 8574 8576 8580 8596 8705 8724 8780 8828 8902 9081 9294 9337 9341 9418 9613 9654 9717 9741 9776 9861 9899 9919 9992 10249 10280 10314 10387 10427 10428 10456 10465 10547 10628 10663 10815 10861 10865 10867 10870 10875 10885 10911 10951 10982 11159 11187 11213 14348 14380 14386 14397 14402 14404 14415 14423 14442 14446 14447 14448 14459 14467 14491 14494 14512 14528 14531 14534 14550 14556 14558 14591 14592 14596 14612 14616 14623 14624 14625 14646 14653 14663 14665 14684 14685 14694 14705 14707 14709 14712 14740 14741 14771 14772 14773 14790 14813 14818 14822 14827 14828 14846 14852 14855 14863 14888 14892 14912 14914 14930 14948 14949 14985 14987 15005 15028 15037 15067 15071 15078 15098 15164 
	}
	buildings_max_level_factor=1.000
        manpower=1
        state_category = town
	history = {
		owner = MOS
		add_core_of = MOS
	}
}
