state={
	id=313
	name="Ivoriae Inferiorae"
	provinces={
		184 399 430 503 530 802 842 1073 1097 1232 1277 1305 1421 1507 1536 1786 1892 1904 2094 2106 2397 2470 2523 2579 2735 2836 3142 3198 3307 3457 3635 4541 4955 4999 5668 5893 5897 5966 6200 6388 6557 6599 6739 6826 6988 7071 7094 7135 7204 7462 7563 8146 8172 8193 8349 8832 8933 9074 9131 9173 9176 9286 9315 9321 9430 9618 9723 9851 10001 10174 10192 10364 10395 10431 10584 10712 10735 10832 11101 11158 11228 14174 14175 14229 14242 14254 14261 14299 14307 14313 14322 14326 14347 14354 14424 14453 
	}
	manpower=25453000
	buildings_max_level_factor=1.000
	state_category=town
	local_supplies=0.000
	history = {
		owner = WHI
		add_core_of = WHI

		buildings = {
			infrastructure = 3
		}
	}
}
