state={
	id=314
	name="STATE_314"
	provinces={
		119 174 223 630 869 942 1127 1179 1229 1567 1588 1947 2322 2404 2416 2544 2599 2779 2817 2925 3262 3405 3573 3582 4227 4286 4432 4895 4900 4916 5035 5337 5365 5649 5728 5865 5938 6050 6094 6342 6598 6986 7138 7211 7494 7580 7594 7707 7906 7913 8455 8645 8980 9080 9122 9146 9148 9227 9345 9686 9703 10225 10302 10599 10689 10959 11033 14318 14329 14333 14359 14371 14373 14389 14401 14403 14407 14409 14429 14433 14435 14438 14439 14440 14449 14464 14473 14483 14484 14502 14508 14513 14516 14519 14523 14535 14545 14553 14578 14588 14594 14650 
	}
	buildings_max_level_factor=1.000
        manpower=1
        state_category = town
	history = {
		owner = WSR
		add_core_of = WSR
	}
}
