
state={
	id=317
	name="STATE_317"
	provinces={
		198 356 752 1006 1087 1252 1515 1527 1839 1944 1994 2082 2133 2143 2265 2287 2356 2408 2533 2563 2868 2923 3083 3449 3462 3610 3830 3873 3963 4170 4244 4264 4669 4720 4723 4779 4845 4945 5021 5098 5171 5173 5174 5385 5391 5552 5569 5779 6256 6627 6871 7036 7106 7149 7209 7224 7236 7268 7496 7740 8219 8263 8277 8350 8527 8529 9078 9135 9151 9222 9247 9610 9629 9744 9870 10054 10171 10527 10529 10594 10697 10907 10994 11133 11168 14338 14390 14418 14425 14454 14509 14533 14539 14580 14630 14637 14639 14648 14655 14783 14798 14802 14825 14826 14829 14858 14861 14869 14880 14881 14887 14896 14904 14932 14934 14943 14978 
	}
	manpower=1
	buildings_max_level_factor=1.000
	state_category=town
	local_supplies=0.000
	history = {
		owner = MOS
		add_core_of = MOS
	}
}
