state={
	id=326
	name="STATE_326"
	provinces={
		102 451 477 553 594 905 1124 1419 2216 2364 2709 2924 3219 3251 4415 4447 4453 4487 5058 5612 5664 5825 6202 6239 6327 6331 6382 6759 7001 7342 7456 7516 7576 8199 8359 8413 8521 8875 8885 9028 9042 9383 9720 9970 10044 10151 10232 10272 10369 10499 10633 10791 10824 11001 14572 14635 14744 14796 14816 14824 14885 14901 14902 14907 14936 14972 14973 14976 14992 15003 15006 15008 15021 15032 15064 15083 15084 15095 15100 15115 
	}
	buildings_max_level_factor=1.000
        manpower=1
        state_category = town
	history = {
		owner = WSR
		add_core_of = WSR
	}
}
