state={
	id=33
	name="STATE_33"
	provinces={
		261 286 408 712 799 839 861 896 970 1160 1253 1556 1625 1756 1942 1977 1988 2034 2048 2208 2214 2223 2323 2343 2432 2731 2740 2850 3040 3078 3148 3165 3338 3360 3365 3468 3567 3756 3759 3782 3791 3833 3845 4360 4387 4440 4556 4585 4593 4950 4969 5067 5099 5104 5107 5193 5217 5303 5456 5630 5748 5952 6146 6258 6293 6318 6346 6413 6561 6596 6616 6948 7058 7097 7123 7193 7325 7556 7560 7668 7753 7808 7891 8088 8121 8270 8280 8472 8552 8556 8636 8785 8800 8858 8871 8971 9039 9059 9062 9067 9126 9145 9236 9265 9318 9343 9513 9626 9628 9687 9783 9875 9876 9887 10012 10222 10433 10503 10538 10600 10889 10923 10948 11125 11623 11628 11651 11661 11670 11671 11684 11694 11705 11714 11715 11741 11773 11786 11796 11802 11842 11846 11851 11859 11868 11878 11890 11903 11909 11916 11919 11920 11929 11935 11943 11947 11950 11953 11956 11962 11978 11980 11981 11989 11990 11991 11993 11997 12013 12029 12039 12063 12087 12112 
	}
	buildings_max_level_factor=1.000
        manpower=1
        state_category = town
	history = {
		owner = CAE
		add_core_of = CAE
	}
}
