state={
	id=335
	name="STATE_335"
	provinces={
		15 35 92 135 230 313 321 434 485 670 736 772 808 824 1035 1125 1150 1281 1410 1437 1723 1824 1855 1985 2110 2281 2316 2326 2421 2577 2624 2631 2796 2877 2978 3035 3056 3118 3351 3489 3536 3634 3637 3788 3851 3905 3926 3993 4022 4023 4034 4281 4315 4615 4660 4672 4743 4996 5093 5283 5298 5425 5452 5489 5495 5541 5607 5611 5615 5763 5941 6125 6498 6688 6798 6861 6947 7108 7139 7284 7380 7430 7565 7569 7593 7675 7734 7831 7880 7929 7945 7959 8015 8064 8144 8168 8526 8545 8708 8777 8881 9035 9096 9190 9258 9261 9295 9378 9381 9511 9532 9540 9559 9572 9722 9752 9796 9978 10018 10024 10124 10170 10293 10334 10335 10389 10396 10418 10419 10420 10457 10622 10638 11048 11164 11178 11216 14675 14688 14719 14725 14745 14752 14754 14755 14763 14767 14774 14778 14787 14791 14792 14800 14804 14805 14807 14820 14821 14830 14838 14841 14850 14857 14860 14865 14871 14889 14891 14893 14897 14919 14927 14928 14937 14941 14946 14952 14959 14960 14968 14974 14988 14989 14993 14994 14995 15004 15024 15044 15050 15053 15065 15085 15086 15087 15088 15107 15111 15135 15145 15206 15207 15251 15288 
	}
	buildings_max_level_factor=1.000
        manpower=1
        state_category = town
	history = {
		owner = WSR
		add_core_of = WSR
	}
}
