state={
	id=336
	name="STATE_336"
	provinces={
		463 596 937 945 1098 1135 1220 1578 1907 1934 2169 2283 2694 3018 3108 3202 3216 3748 3785 3898 3987 4070 4255 4595 4656 4794 5031 5061 5083 5281 5559 5802 6122 6149 6295 6326 6533 6602 6671 6998 7355 7427 7559 7701 8179 8226 8281 8299 8711 8817 8851 8945 8963 8993 9313 9537 9907 10043 10120 10341 10649 10990 11042 14680 14717 14720 14722 14750 14751 14786 14806 14836 14845 14854 14872 14917 14925 14929 14944 14957 15027 15051 15055 15074 15093 15106 15110 15153 15167 
	}
	buildings_max_level_factor=1.000
        manpower=1
        state_category = town
	history = {
		owner = MOS
		add_core_of = MOS
	}
}
