
state={
	id=337
	name="STATE_337"
	provinces={
		233 482 483 540 785 1118 1130 1216 1407 1490 1637 1641 1821 1837 1940 1973 2067 2069 2132 2714 3272 3294 3361 3465 3514 3568 3589 3618 3786 3850 3882 3887 4058 4364 4382 4488 4678 4702 4781 4926 5052 5101 5426 5540 5653 6188 6233 6305 6417 6564 6918 6924 6989 7033 7164 7213 7877 7893 7942 8137 8186 8272 8395 8397 8399 8411 8454 8589 8761 8805 8948 8987 9044 9346 9384 9664 9729 9774 9818 9837 9843 9884 9959 10058 10111 10219 10386 10452 10607 10720 10983 11112 11190 14916 14963 15012 15026 15030 15033 15035 15058 15101 15103 15105 15128 15141 15146 15154 15184 15215 15238 15258 15260 15274 15280 15290 15329 15359 15372 15406 15410 15411 15439 15453 15454 
	}
	manpower=1
	buildings_max_level_factor=1.000
	state_category=town
	local_supplies=0.000
	history = {
		owner = MOS
		add_core_of = MOS
	}
}
