
state={
	id=338
	name="STATE_338"
	provinces={
		22 60 177 360 431 564 577 816 883 954 956 1001 1013 1066 1180 1209 1279 1288 1293 1294 1376 1400 1454 1547 1560 1607 1620 1654 1699 1750 1846 1938 1945 1961 1972 2051 2109 2274 2374 2443 2474 2562 2628 2820 2834 2870 3004 3036 3037 3053 3061 3149 3191 3199 3218 3290 3336 3345 3367 3385 3406 3472 3545 3673 3681 3682 3761 3891 3944 4021 4049 4236 4237 4249 4318 4347 4482 4520 4563 4639 4668 4730 4733 4740 4747 4824 4879 4893 4896 4934 4977 5124 5134 5172 5196 5236 5380 5390 5403 5500 5518 5533 5727 5756 5772 5778 5982 5983 6051 6055 6117 6261 6316 6325 6419 6467 6477 6517 6618 6648 6711 6769 6813 6899 6937 6974 6981 7003 7042 7133 7160 7187 7196 7257 7329 7333 7397 7432 7501 7504 7579 7768 7777 7858 8003 8017 8109 8116 8342 8403 8452 8497 8620 8654 8808 9016 9068 9073 9099 9104 9117 9118 9153 9171 9188 9323 9358 9407 9551 9568 9599 9614 9866 9956 10017 10019 10029 10104 10236 10266 10331 10385 10421 10429 10438 10470 10507 10512 10592 10738 10771 10837 10846 10944 11008 11044 11045 11141 11234 11235 11236 11237 11238 11239 11240 11241 11286 11295 11296 11297 11324 11327 11330 11333 11343 11352 11360 11367 11377 11383 11385 11392 11394 11395 11399 11404 11407 11408 11414 11415 11421 11427 11428 11431 11434 11435 11438 11445 11447 11457 11462 11464 11470 11476 11481 11484 11485 11486 11492 11497 11501 11504 11511 11513 11514 11527 11531 11532 11536 11541 11546 11550 11583 11594 11596 
	}
	manpower=1
	buildings_max_level_factor=1.000
	state_category=town
	local_supplies=0.000
	history = {
		owner = BHD
		add_core_of = BHD
	}
}
