
state={
	id=339
	name="STATE_339"

	history={
		owner = WSR
		add_core_of = WSR

	}

	provinces={
		40 68 86 91 98 106 114 123 151 155 179 227 259 270 289 330 354 457 469 472 506 521 561 574 610 616 666 679 680 689 794 815 838 863 950 1012 1021 1104 1120 1194 1264 1301 1309 1350 1439 1443 1471 1542 1551 1581 1585 1591 1592 1612 1738 1773 1774 1780 1785 1840 1900 1959 1969 1970 1987 2024 2038 2042 2200 2219 2292 2345 2347 2355 2373 2377 2431 2529 2604 2619 2652 2686 2699 2724 2761 2830 2930 2960 3062 3075 3086 3130 3167 3227 3247 3279 3331 3356 3378 3471 3477 3498 3503 3559 3574 3626 3643 3657 3686 3765 3814 3821 3890 3966 3999 4056 4076 4110 4114 4138 4201 4202 4261 4269 4297 4320 4323 4327 4335 4354 4358 4361 4380 4396 4422 4481 4501 4546 4621 4624 4642 4655 4676 4681 4685 4692 4737 4749 4795 4816 4830 4892 4914 4935 4946 4973 5069 5126 5133 5138 5144 5158 5190 5213 5297 5356 5360 5418 5447 5506 5543 5599 5605 5610 5686 5696 5722 5736 5786 5821 5923 5926 5939 6032 6091 6096 6142 6172 6183 6208 6237 6271 6285 6288 6315 6320 6347 6363 6405 6423 6457 6458 6472 6505 6530 6553 6554 6621 6629 6696 6726 6731 6747 6770 6795 6799 6800 6805 6847 6851 6891 6922 6972 6977 6994 7019 7046 7064 7096 7113 7146 7153 7194 7287 7297 7387 7404 7413 7435 7474 7543 7552 7633 7681 7698 7811 7816 7826 7845 7868 7919 7964 8004 8006 8038 8107 8138 8158 8163 8170 8185 8187 8195 8254 8267 8274 8375 8432 8456 8506 8515 8519 8565 8599 8608 8613 8618 8630 8676 8683 8703 8722 8747 8748 8769 8776 8779 8793 8801 8833 8837 8843 8855 8877 8946 8966 8999 9015 9033 9054 9088 9091 9113 9134 9165 9224 9272 9274 9299 9329 9333 9344 9349 9356 9361 9410 9421 9423 9469 9493 9501 9529 9531 9632 9677 9690 9714 9801 9833 9850 9920 9931 9964 9983 10025 10034 10048 10098 10100 10144 10145 10148 10152 10153 10157 10161 10199 10203 10218 10255 10326 10391 10409 10447 10454 10522 10554 10567 10591 10623 10632 10647 10668 10684 10779 10786 10792 10823 10844 10862 10930 10939 10977 10992 10993 10998 11049 11139 11204 11208 14713 14756 14759 14809 14815 14842 14843 14856 14870 14874 14875 14876 14883 14922 14933 14939 14940 14942 14954 14955 14971 14990 14998 14999 15000 15002 15015 15034 15038 15040 15048 15049 15052 15059 15060 15061 15068 15072 15073 15079 15082 15089 15099 15104 15114 15117 15134 15143 15144 15151 15155 15156 15162 15165 15166 15169 15172 15174 15175 15178 15180 15181 15187 15188 15192 15195 15200 15201 15204 15205 15208 15211 15216 15217 15218 15220 15225 15228 15231 15232 15234 15235 15236 15241 15244 15247 15248 15250 15254 15255 15264 15266 15269 15272 15276 15277 15279 15281 15284 15291 15296 15297 15299 15301 15303 15305 15306 15310 15311 15312 15314 15318 15320 15328 15330 15333 15338 15339 15344 15345 15346 15347 15348 15354 15358 15360 15364 15366 15367 15374 15375 15378 15379 15380 15382 15383 15385 15389 15391 15393 15394 15396 15397 15407 15409 15412 15420 15421 15422 15423 15426 15428 15431 15432 15440 15441 15444 15445 15447 15448 15450 15452 15456 15457 15458 15465 15468 15469 15470 15471 15477 15478 15479 15480 15488 
	}
	manpower=1
	buildings_max_level_factor=1.000
	state_category=town
	local_supplies=0.000
}
