
state={
	id=34
	name="STATE_34"
	provinces={
		274 319 367 464 760 851 1015 1051 1289 1462 1524 1653 1667 1836 1965 2278 2539 2860 3043 3215 3507 3523 3538 3660 3950 3960 4052 4219 4282 4348 4384 4424 4485 4922 5020 5066 5519 5587 5592 6137 6197 6264 6349 6479 6593 6709 6765 7172 7248 7566 7641 7721 7736 7784 7871 7922 8425 8662 8835 8965 8975 9085 9239 9266 9576 9583 9670 9692 10011 10070 10106 10361 10546 10601 10630 10737 10775 11026 11090 11147 11655 11658 11668 11674 11686 11695 11720 11723 11727 11736 11745 11754 11767 11770 11816 11819 11826 11840 11845 11847 11864 11872 11904 11936 11941 11954 11974 11984 11985 12033 12052 12076 12141 
	}
	manpower=1
	buildings_max_level_factor=1.000
	state_category=town
	local_supplies=0.000
	history = {
		owner = CAE
		add_core_of = CAE
	}
}
