state={
	id=354
	name="STATE_354"
	provinces={
		1047 1190 1451 1957 2003 2273 2296 2350 2387 2442 3178 3483 3592 3674 3819 3839 3889 4381 4451 4884 5115 5154 5667 5670 5726 5744 5790 5898 6401 6455 6526 6659 6996 7313 7347 7422 7715 7755 7818 7987 8056 8155 8442 8753 9060 9974 10016 10282 10377 11106 11142 14877 14899 14918 14923 14951 14956 14962 14967 14980 14982 14983 14991 15018 15019 15020 15041 15076 15090 15092 15102 15133 15137 15157 
	}
	buildings_max_level_factor=1.000
        manpower=1
        state_category = town
	history = {
		owner = WSR
		add_core_of = WSR
	}
}
