
state={
	id=356
	name="STATE_356"
	provinces={
		4 175 265 272 588 589 615 633 634 692 886 1033 1148 1254 1418 1423 1464 1642 1666 1682 1769 1787 1880 2023 2045 2141 2191 2299 2307 2505 2616 2625 2684 2793 2865 2901 2939 2947 2998 3080 3158 3238 3302 3443 3525 3810 3817 3883 4001 4195 4250 4412 4646 4675 5003 5203 5208 5232 5273 5321 5429 5439 5523 5646 5657 5743 5963 5989 6030 6058 6119 6192 6210 6460 6603 6751 6879 6925 6976 7253 7285 7295 7364 7499 7542 7575 7617 7669 7750 7812 8026 8047 8325 8362 8477 8498 8663 8942 8943 8979 9047 9048 9178 9184 9235 9251 9357 9391 9417 9550 9581 9680 9711 9809 10240 10430 10501 10615 10664 10671 10672 10828 10857 14926 14997 15046 15094 15116 15120 15121 15123 15138 15147 15160 15163 15168 15182 15186 15193 15197 15210 15227 15229 15230 15261 15263 15267 15268 15270 15271 15287 15294 15300 15309 15316 15332 15335 15336 15337 15342 15350 15356 15362 15365 15373 15377 15386 15403 15404 15416 15418 15419 15425 15437 15449 15455 15464 15467 15475 15476 15487 
	}
	manpower=1
	buildings_max_level_factor=1.000
	state_category=town
	local_supplies=0.000
	history = {
		owner = MOS
		add_core_of = MOS
	}
}
