
state={
	id=357
	name="STATE_357"

	history={
		owner = WSR
		add_core_of = WSR

	}

	provinces={
		67 400 422 475 514 606 628 756 814 835 840 892 988 1156 1340 1409 1489 1513 1549 1939 2277 2777 2986 3020 3134 3408 3934 4468 4475 4554 4683 4722 4739 4797 5014 5023 5175 5179 5238 5306 5375 5397 5484 5547 5548 5580 5863 5919 5934 6073 6440 6563 6608 6801 7025 7026 7159 7254 7550 7595 7716 7722 7790 7824 7951 8040 8122 8134 8307 8453 8489 8679 9071 9253 9256 9452 9778 9792 9855 9869 9881 9951 9966 10205 10616 10644 10678 10682 10741 10920 10950 10987 11098 15054 15109 15119 15140 15159 15161 15183 15199 15202 15203 15226 15245 15249 15275 15278 15282 15295 15302 15313 15315 15319 15322 15331 15341 15355 15361 15368 15369 15371 15392 15398 15401 15408 15413 15417 15427 15442 15443 15451 15460 15473 15474 15483 15484 15485 15492 
	}
	manpower=1
	buildings_max_level_factor=1.000
	state_category=town
	local_supplies=0.000
}
