
state={
	id=365
	name="STATE_365"
	provinces={
		30 54 70 83 154 163 192 204 242 413 498 531 570 617 656 677 682 755 780 817 867 868 870 884 894 941 1002 1025 1068 1074 1084 1092 1096 1141 1174 1195 1218 1240 1250 1296 1300 1347 1349 1372 1387 1398 1426 1434 1436 1450 1467 1516 1521 1523 1532 1538 1539 1575 1605 1632 1790 1826 1856 1913 1915 1950 2028 2054 2074 2081 2111 2244 2258 2276 2291 2297 2300 2310 2317 2341 2361 2411 2427 2436 2440 2455 2462 2487 2511 2519 2524 2534 2536 2552 2553 2567 2614 2626 2696 2712 2722 2786 2824 2846 2874 2878 2885 2890 2921 2944 2952 3001 3021 3032 3041 3073 3103 3125 3154 3166 3168 3224 3284 3293 3343 3357 3362 3403 3409 3415 3422 3452 3478 3506 3521 3532 3539 3541 3654 3783 3843 3876 3895 3951 4006 4007 4016 4082 4178 4184 4203 4234 4238 4274 4289 4291 4306 4314 4331 4421 4435 4438 4529 4607 4614 4696 4741 4754 4759 4818 4829 4834 4842 4915 4944 4949 4956 4960 4997 5016 5024 5028 5030 5051 5060 5100 5125 5162 5177 5178 5189 5200 5204 5207 5237 5308 5329 5330 5361 5363 5410 5431 5441 5460 5463 5477 5498 5508 5528 5529 5579 5596 5613 5621 5629 5699 5773 5782 5797 5822 5826 5877 5895 5924 5930 5971 5981 5997 6020 6034 6052 6087 6102 6130 6151 6167 6227 6279 6290 6319 6333 6371 6427 6482 6486 6494 6535 6540 6546 6559 6587 6623 6700 6754 6785 6828 6840 6841 6873 6884 6885 6898 6908 6916 6934 6945 6958 6992 7013 7056 7129 7190 7192 7195 7225 7229 7282 7290 7319 7361 7367 7399 7447 7472 7495 7507 7511 7567 7612 7616 7643 7649 7718 7729 7749 7754 7822 7830 7833 7841 7884 7953 7963 7984 8001 8002 8028 8066 8101 8165 8276 8334 8357 8367 8376 8382 8435 8447 8492 8504 8512 8514 8534 8557 8561 8612 8622 8626 8660 8693 8699 8732 8766 8767 8806 8839 8865 8887 8895 8898 8900 8928 8944 8949 9100 9102 9112 9116 9144 9159 9163 9172 9248 9269 9348 9363 9366 9394 9408 9433 9476 9482 9600 9648 9649 9762 9767 9813 9845 9896 9910 9917 9933 9957 10000 10007 10066 10086 10130 10242 10258 10309 10359 10434 10453 10526 10544 10586 10609 10652 10670 10680 10681 10695 10696 10736 10819 10825 10860 10892 10908 10917 10935 11004 11024 11040 11046 11054 11072 11086 11099 11121 11160 11207 11211 11274 11275 11276 11304 11306 11320 11336 11351 11361 11371 11375 11379 11380 11382 11384 11398 11412 11413 11423 11424 11425 11426 11433 11436 11439 11440 11441 11442 11444 11452 11453 11454 11455 11456 11458 11459 11465 11466 11467 11468 11469 11471 11472 11473 11474 11475 11477 11478 11480 11482 11483 11488 11489 11490 11491 11493 11494 11495 11498 11499 11502 11505 11506 11507 11509 11510 11512 11515 11516 11517 11519 11521 11522 11524 11528 11530 11533 11534 11535 11537 11538 11539 11540 11542 11543 11544 11545 11547 11548 11549 11552 11554 11555 11557 11558 11559 11561 11562 11563 11564 11565 11566 11567 11568 11569 11572 11573 11574 11575 11576 11577 11581 11582 11584 11585 11586 11587 11588 11592 11593 11595 11597 11598 11599 11601 11602 11604 11605 11606 11608 11610 11611 11613 11614 11615 11616 11617 11619 11621 11622 11625 11626 11629 11630 11634 11635 11636 11637 11640 11642 11644 11645 11647 11659 11660 11663 11666 11675 11693 11696 11711 11755 11760 11777 11791 11798 11821 16817 16816
	}
	manpower=1
	buildings_max_level_factor=1.000
	state_category=town
	local_supplies=0.000
	history = {
		owner = TSM
		add_core_of = TSM
	}
}
