
state={
	id=366
	name="STATE_366"
	provinces={
		331 438 651 765 800 830 1113 1214 1219 1278 1282 1573 1621 1649 1727 1862 1866 2103 2151 2162 2267 2541 2602 2650 2823 2848 2968 3153 3228 3252 3286 3292 3434 3757 3844 3856 3957 4003 4004 4116 4142 4207 4211 4283 4345 4512 4514 4703 4714 4727 4968 4970 4985 5085 5122 5153 5181 5191 5216 5222 5245 5299 5376 5416 5501 5594 5705 5716 5823 5861 5984 6082 6086 6111 6113 6128 6277 6330 6376 6640 6650 6776 6912 7066 7087 7127 7141 7326 7365 7378 7398 7582 7660 7996 8065 8083 8097 8460 8495 8523 8568 8670 8686 8931 9160 9214 9275 9669 9751 9759 10053 10212 10444 10494 10612 10665 10784 10811 10852 10881 10958 11023 11034 11056 11087 11091 11135 11138 11185 13416 13418 13433 13438 13471 13473 13484 13488 13489 13502 13508 13514 13521 13524 13527 13530 13535 13536 13542 13545 13550 13553 13558 13559 13565 13600 13604 13609 13621 13634 13637 13639 13641 13646 13676 13681 13690 13701 13708 13725 13731 13735 13744 13752 13762 13825 14013 14121 14165 14170 14190 14214 16810 16811
	}
	manpower=1
	buildings_max_level_factor=1.000
	state_category=town
	local_supplies=0.000
	history = {
		owner = SYL
		add_core_of = SYL
	}
}
