
state={
	id=367
	name="STATE_367"

	history={
		owner = WSR
		add_core_of = WSR

	}

	provinces={
		167 309 439 442 444 526 581 637 676 686 857 904 921 1061 1187 1203 1318 1500 1501 1569 1636 1671 1718 1722 1918 2013 2087 2239 2401 2434 2452 2517 2540 2667 2898 3012 3027 3092 3386 3577 3737 3998 4009 4060 4067 4161 4268 4379 4670 4771 4791 5059 5084 5445 5591 5648 5957 6022 6165 6253 6764 6767 6892 7080 7082 7191 7317 7510 7551 7584 7709 7894 7956 7991 8055 8237 8313 8470 8471 8494 8684 8707 8819 8892 8899 8930 8998 9056 9084 9182 9199 9238 9307 9308 9386 9731 9927 10015 10023 10046 10050 10224 10269 10336 10374 10392 10524 10531 10580 10759 10773 10874 10938 10973 11073 11107 15118 15131 15139 15176 15179 15198 15209 15212 15221 15222 15256 15257 15262 15273 15286 15307 15321 15324 15340 15343 15349 15357 15363 15376 15387 15390 15395 15399 15400 15429 15433 15434 15435 15438 15446 15459 15466 15472 15481 15482 15489 15490 15491 
	}
	manpower=1
	buildings_max_level_factor=1.000
	state_category=town
	local_supplies=0.000
}
