
state={
	id=44
	name="STATE_44"
	provinces={
		113 217 796 940 1227 1356 1658 1772 2100 2275 2637 2799 2807 2841 3163 3323 3438 3495 3607 3669 3831 3861 3896 4124 4418 4491 4626 4652 4885 5224 5369 5807 5854 5988 6008 6132 6317 6360 6670 6854 7222 7270 7345 7558 7730 8085 8182 8464 8496 8621 9535 9605 9656 9847 9857 9937 10462 10583 10834 11620 11632 11639 11643 11649 11656 11676 11678 11679 11681 11683 11699 11710 11717 11734 11737 11746 11747 11752 11762 11766 11787 11807 11825 
	}
	manpower=1
	buildings_max_level_factor=1.000
	state_category=town
	local_supplies=0.000
	history = {
		owner = TSM
		add_core_of = TSM
	}
}
