state={
	id=5
	name="STATE_5"
	provinces={
		543 1384 1404 1572 2268 2353 2369 2653 2668 2685 2765 3016 3342 3346 3446 3612 3775 3925 4156 4328 4409 4547 4819 5510 5560 5846 6946 6952 7081 7442 7534 7581 7835 7895 8294 8487 8696 8746 8874 8988 9154 9179 9429 9624 9633 10047 10683 10774 10903 10976 11012 11246 11247 11248 11249 11250 11285 11288 11299 11300 11308 11312 11321 11325 11381 
	}
	buildings_max_level_factor=1.000
        manpower=1
        state_category = town
	history = {
		owner = BHD
		add_core_of = BHD
	}
}
