state={
	id=50
	name="STATE_50"
	provinces={
		417 739 1108 1291 1417 1879 1953 2130 2617 2635 2679 2711 3135 3173 3240 3656 3806 3824 3984 4107 4257 4285 4395 4755 4800 5422 5690 5876 6175 6391 6506 6779 6877 6915 7122 7234 7505 7648 7899 7973 8154 8434 8733 8739 8908 9058 9061 9283 9332 9892 9982 10042 10191 10209 10338 10343 10479 10487 10563 10974 11704 11712 11713 11722 11738 11753 11768 11769 11771 11775 11779 11783 11793 11804 11823 11827 11829 11843 11862 11867 11874 11885 11900 11913 11957 11965 11979 11986 
	}
	buildings_max_level_factor=1.000
        manpower=1
        state_category = town
	history = {
		owner = BHD
		add_core_of = BHD
	}
}
