state={
	id=52
	name="STATE_52"
	provinces={
		90 237 300 324 375 377 391 486 535 618 724 971 984 1142 1145 1151 1201 1208 1344 1399 1602 1635 1763 1797 1937 1976 1995 2007 2055 2088 2184 2199 2202 2357 2655 2661 2950 3015 3183 3341 3544 3829 3910 3929 4141 4175 4229 4355 4370 4578 4925 5072 5300 5302 5577 5844 5871 5880 5888 6059 6500 6777 7374 7460 7705 8112 8151 8236 8284 8341 8635 8664 8986 9365 9461 9661 9676 9682 9785 9841 10033 10317 10349 10448 10540 10702 10731 10901 11144 11782 11788 11790 11803 11814 11818 11853 11861 11865 11869 11870 11876 11879 11883 11887 11896 11908 11917 11922 11942 11946 11951 11952 11955 11961 11995 12004 12015 12019 12020 12046 12047 12062 
	}
	buildings_max_level_factor=1.000
        manpower=1
        state_category = town
	history = {
		owner = TSM
		add_core_of = TSM
	}
}
