
state={
	id=62
	name="STATE_62"
	provinces={
		888 1182 1555 1603 1604 1712 1746 2009 2058 2129 2138 2331 2433 2535 2546 2781 2857 3169 3288 3328 3575 3603 3744 3946 4765 4849 4874 5112 5214 5461 5493 5597 5641 5792 6040 6537 6708 6824 6890 7151 7485 7659 7840 7876 7937 8045 8553 9079 9305 9335 9347 9401 9447 9607 9967 10890 11181 11800 11901 11905 11907 11944 11958 12005 12009 12025 12028 12035 12038 12079 12083 12084 12096 12102 12103 12130 
	}
	manpower=1
	buildings_max_level_factor=1.000
	state_category=town
	local_supplies=0.000
	history = {
		owner = BHD
		add_core_of = BHD
	}
}
