state={
	id=73
	name="STATE_73"
	provinces={
		329 411 661 906 973 1076 1126 1373 1469 1481 1611 2211 2420 2479 2718 3179 3206 3312 3447 3629 3644 3894 4085 4090 4171 4228 4317 4344 4611 4690 5247 5256 5316 5714 6045 6389 6585 6710 6857 6865 7006 7509 7771 8084 8150 8387 8773 9233 9427 9637 9868 10278 10315 10413 10502 10722 10790 11880 11912 11937 11963 11968 11973 12007 12008 12022 12036 12049 12060 12069 12075 12152 12153 12155 12170 12187 
	}
	buildings_max_level_factor=1.000
        manpower=1
        state_category = town
	history = {
		owner = BHD
		add_core_of = BHD
	}
}
