
state={
	id=78
	name="STATE_78"
	provinces={
		193 378 648 813 836 990 1361 1433 1562 1587 1783 2075 2198 2453 2498 2530 2697 2866 2938 2976 3196 3207 3221 3311 3316 3340 3382 3549 3569 3936 4018 4038 4246 4316 4496 4576 5004 5106 5264 5420 5515 5656 5663 5738 5832 5833 5870 6085 6118 6252 6572 6605 6730 6808 6911 6929 7102 7252 7259 7389 7420 7454 7464 7590 7621 7756 8113 8247 8390 8422 8558 8831 8846 9133 9257 9396 9435 9449 9456 9562 9575 9766 9825 10067 10425 10807 10812 10831 10970 11051 11097 11154 11261 11262 11263 11264 11265 11266 11267 11268 11269 11270 11271 11272 11273 11282 11291 11303 11310 11313 11314 11317 11318 11319 11323 11326 11329 11337 11341 11342 11346 11347 11354 11356 11362 11363 11373 11374 11387 11389 11391 11402 11411 11417 11419 11420 11422 11443 
	}
	manpower=1
	buildings_max_level_factor=1.000
	state_category=town
	local_supplies=0.000
	history = {
		owner = CAE
		add_core_of = CAE
	}
}
