
state={
	id=8
	name="STATE_8"
	provinces={
		20 95 219 1040 1246 1342 1427 1487 1878 2338 2396 2663 2701 2719 2749 2977 3109 3235 3267 3303 3572 3801 3808 4044 5708 5771 5776 5950 6209 6521 6744 6868 7312 7531 7546 7680 8266 8269 8278 8309 8437 9038 9311 9556 9588 10443 10905 11060 11122 11255 11256 11257 11258 11259 11277 11281 11284 11290 11294 11301 11311 11315 11328 11338 11340 11344 11348 11349 11355 11358 11393 11401 11403 11406 11449 
	}
	manpower=1
	buildings_max_level_factor=1.000
	state_category=town
	local_supplies=0.000
	history = {
		owner = CAE
		add_core_of = CAE
	}
}
