state={
	id=80
	name="STATE_80"
	provinces={
		131 172 277 298 397 409 481 511 522 590 641 704 841 897 981 1147 1159 1202 1226 1261 1307 1315 1571 1701 1704 1807 1832 1857 1887 1956 2154 2327 2501 2502 2515 2585 2605 2676 2738 2739 2763 2889 2985 3128 3287 3374 3432 3453 3576 3579 3615 3658 3676 3703 3709 3832 3879 3917 3938 4073 4123 4135 4305 4386 4463 4553 4562 4640 4691 4774 4936 4993 5007 5050 5114 5129 5180 5239 5352 5366 5417 5485 5524 5618 5635 5787 5878 5942 6019 6138 6309 6443 6478 6491 6791 6822 6878 6907 6913 7018 7021 7040 7077 7103 7110 7179 7184 7301 7334 7469 7470 7530 7555 7791 7883 7933 7957 8031 8037 8133 8218 8232 8322 8363 8560 8575 8649 8879 8954 9031 9050 9092 9241 9242 9243 9277 9316 9340 9364 9372 9376 9464 9554 9596 9606 9639 9647 9657 9684 9873 9883 10113 10214 10241 10423 10511 10557 10620 10882 10925 11030 11226 11229 11926 11945 11969 11988 11994 12014 12026 12032 12043 12051 12054 12059 12071 12080 12089 12097 12107 12120 12125 12137 12146 12148 12162 12168 12172 12173 12181 12182 12184 12192 12206 12207 12215 12220 12244 12245 12250 12270 12272 12288 12289 12309 12312 12314 12317 12327 12329 12331 12336 12337 12352 12375 12377 12380 12395 12431 12459 12472 
	}
	buildings_max_level_factor=1.000
        manpower=1
        state_category = town
	history = {
		owner = CAE
		add_core_of = CAE
	}
}
