state={
	id=81
	name="STATE_81"
	provinces={
		218 252 592 605 638 683 747 1085 1170 1181 1231 1251 1284 1326 1622 1639 1648 1732 1809 2170 2240 2349 2366 2678 3226 3334 3414 3469 3641 3649 3727 3870 3970 4055 4272 4295 4400 4455 4471 4695 4764 4813 4897 4974 5151 5585 5669 5678 5754 5809 5965 6079 6080 6154 6370 6591 6644 6649 6683 6761 6830 6909 6941 6982 7027 7307 7353 7451 7613 7614 7687 7814 7864 7999 8126 8296 8372 8491 8525 8715 8814 8967 9471 9665 9791 9894 9898 9994 10059 10108 10117 10173 10177 10181 10235 10298 10303 10384 10582 10606 10687 11075 11971 11976 11977 12001 12003 12010 12031 12034 12040 12055 12064 12072 12085 12088 12113 12114 12133 12134 12139 12140 12143 12150 12151 12154 12156 12165 12175 12176 12177 12180 12191 12194 12195 12201 12202 12211 12213 12222 12225 12232 12238 12254 12284 12290 
	}
	buildings_max_level_factor=1.000
        manpower=1
        state_category = town
	history = {
		owner = FEN
		add_core_of = FEN
	}
}
