
state={
	id=9
	name="STATE_9"
	provinces={
		11 34 201 239 1317 1493 1645 1941 2098 2147 2249 2309 2492 2508 2886 3133 3188 3282 3326 3595 3712 3742 3949 4223 4240 4383 4645 4647 5549 5796 6004 6212 6219 6514 6582 6631 7045 7054 7415 7448 7553 7799 7836 8072 8082 8227 8317 8542 8550 8647 8764 8910 9107 9208 9263 9539 9552 9671 9856 9955 10127 10169 10321 10366 10803 10886 11100 11195 11227 11260 11278 11280 11302 11305 11309 11335 11359 11366 11368 11369 11372 11376 11388 11390 11396 11405 11409 11410 11429 11430 11432 11448 11461 11463 
	}
	manpower=1
	buildings_max_level_factor=1.000
	state_category=town
	local_supplies=0.000
	history = {
		owner = CAE
		add_core_of = CAE
	}
}
