state={
	id=98
	name="STATE_98"
	provinces={
		18 47 48 49 85 215 363 576 853 890 1039 1238 1367 1559 1564 1739 2010 2660 2733 2837 2995 3454 3624 3725 3771 3777 3779 3813 4106 4266 4544 4904 5163 5328 5691 5884 6003 6129 6144 6193 6449 6469 6647 6903 7247 7752 7866 8139 8640 8816 8849 8866 8959 9128 9138 9149 9836 9865 10363 10500 10770 10914 11070 12081 12091 12095 12117 12126 12138 12145 12149 12159 12160 12166 12167 12178 12185 12197 12198 12199 12203 12208 12240 12251 12265 12269 
	}
	buildings_max_level_factor=1.000
        manpower=1
        state_category = town
	history = {
		owner = FEN
		add_core_of = FEN
	}
}
