
state={
	id=99
	name="STATE_99"
	provinces={
		158 206 350 443 459 675 761 792 850 864 936 982 1022 1103 1115 1157 1175 1199 1346 1476 1566 1586 1661 1875 1911 1946 2068 2231 2290 2407 2438 2450 2720 2752 2757 2803 2906 3099 3249 3363 3456 3476 3505 3640 3666 3691 3811 3919 3920 3939 3943 4019 4027 4042 4059 4084 4091 4154 4243 4342 4394 4473 4557 4625 4671 4766 4812 4994 5081 5165 5168 5399 5440 5478 5497 5504 5530 5583 5595 5636 5843 5873 5885 5946 5974 5998 6068 6109 6134 6206 6351 6393 6483 6547 6555 6638 6651 6679 6712 6902 7029 7051 7055 7086 7125 7166 7330 7343 7372 7408 7418 7488 7526 7574 7651 7972 8005 8019 8032 8110 8132 8156 8183 8204 8220 8282 8374 8389 8404 8416 8462 8486 8488 8509 8584 8713 8759 9119 9136 9177 9185 9200 9328 9338 9355 9392 9486 9497 9595 9683 9755 9874 9890 9936 10028 10071 10163 10256 10394 10399 10411 10439 10442 10639 10694 10761 10830 11115 11220 11233 12056 12082 12142 12158 12186 12224 12230 12235 12236 12241 12246 12252 12271 12274 12282 12310 12344 12348 12359 12364 12388 12392 12396 12409 12416 12427 12446 12463 12475 12484 12489 12498 12527 12558 12561 12575 12578 12597 12599 12613 12619 12627 12628 12632 12638 12639 12640 12656 12660 12695 12725 12763 12774 12775 12781 12798 12817 12868 12881 12886 12919 12925 12926 12949 12958 12993 13005 16814 16813
	}
	manpower=1
	buildings_max_level_factor=1.000
	state_category=town
	local_supplies=0.000
	history = {
		owner = FEN
		add_core_of = FEN
	}
}
